# file types (with matching order)
di             # DIR
fi             # FILE
ex             # EXEC
ln             # LINK
or             # ORPHAN
tw      t       # STICKY_OTHER_WRITABLE
ow             # OTHER_WRITABLE
st      t       # STICKY
pi             # FIFO
so      󰟧       # SOCK
bd      b       # BLK
cd      c       # CHR
su      u       # SETUID
sg      g       # SETGID

# image formats
*.bmp        00;38;2;160;116;196
*.gif        00;38;2;160;116;196
*.heic       00;38;2;160;116;196
*.ico        00;38;2;160;116;196
*.jpg        00;38;2;160;116;196
*.jpeg       00;38;2;160;116;196
*.mjpg       00;38;2;160;116;196
*.mjpeg      00;38;2;160;116;196
*.mng        00;38;2;160;116;196
*.pbm        00;38;2;160;116;196
*.pcx        00;38;2;160;116;196
*.pgm        00;38;2;160;116;196
*.png        00;38;2;160;116;196
*.ppm        00;38;2;160;116;196
*.svg        00;38;2;160;116;196
*.svgz       00;38;2;160;116;196
*.tga        00;38;2;160;116;196
*.tif        00;38;2;160;116;196
*.tiff       00;38;2;160;116;196
*.webp       00;38;2;160;116;196
*.xbm        00;38;2;160;116;196
*.xpm        00;38;2;160;116;196

# audio formats
*.aac   󰎈    00;38;2;137;180;130
*.au    󰎈    00;38;2;137;180;130
*.flac  󰎈    00;38;2;137;180;130
*.m4a   󰎈    00;38;2;137;180;130
*.mid   󰎈    00;38;2;137;180;130
*.midi  󰎈    00;38;2;137;180;130
*.mka   󰎈    00;38;2;137;180;130
*.mp3   󰎈    00;38;2;137;180;130
*.mpc   󰎈    00;38;2;137;180;130
*.oga   󰎈    00;38;2;137;180;130
*.ogg   󰎈    00;38;2;137;180;130
*.opus  󰎈    00;38;2;137;180;130
*.ra    󰎈    00;38;2;137;180;130
*.spx   󰎈    00;38;2;137;180;130
*.wav   󰎈    00;38;2;137;180;130
*.xspf  󰎈    00;38;2;137;180;130

# video formats
*.asf   󰨜     00;38;2;211;134;155
*.avi   󰨜     00;38;2;211;134;155
*.cgm   󰨜     00;38;2;211;134;155
*.dl    󰨜     00;38;2;211;134;155
*.emf   󰨜     00;38;2;211;134;155
*.flc   󰨜     00;38;2;211;134;155
*.fli   󰨜     00;38;2;211;134;155
*.flv   󰨜     00;38;2;211;134;155
*.gl    󰨜     00;38;2;211;134;155
*.m2v   󰨜     00;38;2;211;134;155
*.m4v   󰨜     00;38;2;211;134;155
*.mkv   󰨜     00;38;2;211;134;155
*.mov   󰨜     00;38;2;211;134;155
*.mp4   󰨜     00;38;2;211;134;155
*.mp4v  󰨜     00;38;2;211;134;155
*.mpeg  󰨜     00;38;2;211;134;155
*.mpg   󰨜     00;38;2;211;134;155
*.nuv   󰨜     00;38;2;211;134;155
*.ogm   󰨜     00;38;2;211;134;155
*.ogv   󰨜     00;38;2;211;134;155
*.ogx   󰨜     00;38;2;211;134;155
*.qt    󰨜     00;38;2;211;134;155
*.rm    󰨜     00;38;2;211;134;155
*.rmvb  󰨜     00;38;2;211;134;155
*.vob   󰨜     00;38;2;211;134;155
*.webm  󰨜     00;38;2;211;134;155
*.wmv   󰨜     00;38;2;211;134;155
*.xcf   󰨜     00;38;2;211;134;155
*.xwd   󰨜     00;38;2;211;134;155
*.yuv   󰨜     00;38;2;211;134;155

# archives or compressed
*.7z        00;38;2;255;0;0
*.ace       00;38;2;255;0;0
*.alz       00;38;2;255;0;0
*.arc       00;38;2;255;0;0
*.arj       00;38;2;255;0;0
*.bz        00;38;2;255;0;0
*.bz2       00;38;2;255;0;0
*.cab       00;38;2;255;0;0
*.cpio      00;38;2;255;0;0
*.deb       00;38;2;255;0;0
*.dwm       00;38;2;255;0;0
*.dz        00;38;2;255;0;0
*.ear       00;38;2;255;0;0
*.esd       00;38;2;255;0;0
*.gz        00;38;2;255;0;0
*.jar       00;38;2;255;0;0
*.lha       00;38;2;255;0;0
*.lrz       00;38;2;255;0;0
*.lz        00;38;2;255;0;0
*.lz4       00;38;2;255;0;0
*.lzh       00;38;2;255;0;0
*.lzma      00;38;2;255;0;0
*.lzo       00;38;2;255;0;0
*.rar       00;38;2;255;0;0
*.rpm       00;38;2;255;0;0
*.rz        00;38;2;255;0;0
*.sar       00;38;2;255;0;0
*.swm       00;38;2;255;0;0
*.t7z       00;38;2;255;0;0
*.tar       00;38;2;255;0;0
*.taz       00;38;2;255;0;0
*.tbz       00;38;2;255;0;0
*.tbz2      00;38;2;255;0;0
*.tgz       00;38;2;255;0;0
*.tlz       00;38;2;255;0;0
*.txz       00;38;2;255;0;0
*.tz        00;38;2;255;0;0
*.tzo       00;38;2;255;0;0
*.tzst      00;38;2;255;0;0
*.war       00;38;2;255;0;0
*.wim       00;38;2;255;0;0
*.xz        00;38;2;255;0;0
*.z         00;38;2;255;0;0
*.zip       00;38;2;255;0;0
*.zoo       00;38;2;255;0;0
*.zst       00;38;2;255;0;0

# file extensions
*.ai                00;38;2;203;203;65
*.apk               00;38;2;61;220;132
*.awk               00;38;2;61;220;132
*.bash              00;38;2;61;220;132
*.bat               00;38;2;193;241;46
*.c                 00;38;2;89;158;255
*.c++               00;38;2;89;158;255
*.cc                00;38;2;81;154;186
*.clj               00;38;2;141;193;73
*.cljc              00;38;2;141;193;73
*.cljs              00;38;2;81;154;186
*.coffee            00;38;2;203;203;65
*.conf              00;38;2;109;128;134
*.cp                00;38;2;81;154;186
*.cpp               00;38;2;81;154;186
*.cs            󰌛    00;38;2;141;193;73
*.csh               00;38;2;61;220;132
*.css               00;38;2;89;158;255
*.cxx               00;38;2;81;154;186
*.d                 00;38;2;66;120;25
*.dart              00;38;2;3;88;156
*.db                00;38;2;218;216;216
*.diff              00;38;2;65;83;91
*.dump              00;38;2;218;216;216
*.edn               00;38;2;81;154;186
*.eex               00;38;2;160;116;196
*.ejs               00;38;2;203;203;65
*.elm               00;38;2;81;154;186
*.erl               00;38;2;184;57;152
*.epub              00;38;2;169;182;101
*.ex                00;38;2;160;116;196
*.exs               00;38;2;160;116;196
'*.f#'              00;38;2;81;154;186
*.fish              00;38;2;61;220;132
*.fs                00;38;2;81;154;186
*.fsi               00;38;2;81;154;186
*.fsscript          00;38;2;81;154;186
*.fsx               00;38;2;81;154;186
*.gemspec           00;38;2;112;21;22
*.go                00;38;2;81;154;186
*.h                 00;38;2;160;116;196
*.haml              00;38;2;234;234;225
*.hbs               00;38;2;240;119;43
*.heex              00;38;2;160;116;196
*.hh                00;38;2;160;116;196
*.hpp               00;38;2;160;116;196
*.hrl               00;38;2;184;57;152
*.hs                00;38;2;160;116;196
*.htm               00;38;2;227;76;38
*.html              00;38;2;255;0;0
*.hxx               00;38;2;160;116;196
*.ini               00;38;2;109;128;134
*.java              00;38;2;204;62;68
*.jl                00;38;2;162;112;186
*.js                00;38;2;203;203;65
*.json              00;38;2;149;157;165
*.jsx               00;38;2;81;154;186
*.key           󰷖    00;38;2;169;182;101
*.ksh               00;38;2;61;220;132
*.leex              00;38;2;160;116;196
*.less              00;38;2;86;61;124
*.lhs               00;38;2;160;116;196
*.lua               00;38;2;81;160;207
*.markdown          00;38;2;81;154;186
*.md                00;38;2;81;154;186
*.mdx               00;38;2;81;154;186
*.mobi              00;38;2;169;182;101
*.mjs               00;38;2;241;224;90
*.mk                00;38;2;109;128;134
*.ml            λ    00;38;2;227;121;51
*.mli           λ    00;38;2;227;121;51
*.mustache          00;38;2;227;121;51
*.nix               00;38;2;126;186;228
*.otf           
*.pem               00;38;2;205;155;62
*.pdf               00;38;2;169;182;101
*.php               00;38;2;160;116;196
*.pl                00;38;2;81;154;186
*.pm                00;38;2;81;154;186
*.pp                00;38;2;255;166;26
*.ps1               00;38;2;61;220;132
*.psb               00;38;2;81;154;186
*.psd               00;38;2;81;154;186
*.pub           󰷖    00;38;2;169;182;101
*.py                00;38;2;203;203;65
*.pyc               00;38;2;203;203;65
*.pyd               00;38;2;203;203;65
*.pyo               00;38;2;203;203;65
*.r             󰟔    00;38;2;53;138;91
*.rake              00;38;2;112;21;22
*.rb                00;38;2;112;21;22
*.rlib              00;38;2;222;165;132
*.rmd               00;38;2;81;154;186
*.rproj         󰗆    00;38;2;53;138;91
*.rs            󱘗    00;38;2;222;165;132
*.rss               00;38;2;251;157;59
*.sass              00;38;2;245;83;133
*.scala             00;38;2;204;62;68
*.scss              00;38;2;245;83;133
*.sh                00;38;2;61;220;132
*.slim              00;38;2;227;76;38
*.sln               00;38;2;133;76;199
*.sol           󰡪    00;38;2;81;154;186
*.srt           󰨖
*.sql               00;38;2;203;203;65
*.styl              00;38;2;141;193;73
*.suo               00;38;2;133;76;199
*.swift             00;38;2;227;121;51
*.t                 00;38;2;81;154;186
*.tex           󰙩    00;38;2;61;97;23
*.toml          󰅪    00;38;2;109;128;134
*.torrent           00;38;2;160;116;196
*.ts                00;38;2;81;154;186
*.tsx               00;38;2;81;154;186
*.ttf           
*.twig              00;38;2;141;193;73
*.txt           
*.vim               00;38;2;1;152;51
*.vue           󰡄    00;38;2;141;193;73
*.webmanifest       00;38;2;241;224;90
*.woff          
*.woff2         
*.xcplayground      00;38;2;227;121;51
*.xul               00;38;2;227;121;51
*.xml           󰗀
*.yaml              00;38;2;149;157;165
*.yml               00;38;2;149;157;165
*.zsh               00;38;2;61;220;132

# file names
*.bashprofile               00;38;2;61;220;132
*.bashrc                    00;38;2;61;220;132
*.ds_store                  00;38;2;200;200;200
*.gitattributes         󰊢    00;38;2;255;0;0
*.gitconfig             󰊢    00;38;2;255;0;0
*.gitignore             󰊢    00;38;2;255;0;0
*.gitlab-ci.yml             00;38;2;255;165;0
*.gvimrc                    00;38;2;1;152;51
*.vimrc                     00;38;2;1;152;51
*.zprofile                  00;38;2;61;220;132
*.zshenv                    00;38;2;61;220;132
*.zshrc                     00;38;2;61;220;132
*_gvimrc                    00;38;2;1;152;51
*_vimrc                     00;38;2;1;152;51
*cmakelists.txt             00;38;2;255;140;0
*config.ru                  00;38;2;0;0;255
*docker-compose.yml         00;38;2;0;191;255
*dockerfile                 00;38;2;0;191;255
*dropbox                    00;38;2;0;191;255
*favicon.ico                00;38;2;255;165;0
*gemfile                    00;38;2;112;21;22
*gruntfile.coffee           00;38;2;255;105;180
*gruntfile.js               00;38;2;255;105;180
*gruntfile.ls               00;38;2;255;105;180
*gulpfile.coffee            00;38;2;0;191;255
*gulpfile.js                00;38;2;0;191;255
*gulpfile.ls                00;38;2;0;191;255
*license                    00;38;2;192;192;192
*makefile                   00;38;2;251;157;59
*mix.lock                   00;38;2;255;165;0
*node_modules               00;38;2;0;255;0
*procfile                   00;38;2;255;165;0
*rakefile                   00;38;2;251;157;59
*react.jsx                  00;38;2;0;255;255
*robots.txt             󰚩    00;38;2;251;157;59

# file names (case-sensitive adaptations)
*.DS_Store                  00;38;2;200;200;200
*CMakeLists.txt             00;38;2;255;140;0
*Docker-compose.yml         00;38;2;0;191;255
*Dockerfile                 00;38;2;0;191;255
*Dropbox                    00;38;2;0;191;255
*Gemfile                    00;38;2;112;21;22
*Gruntfile.coffee           00;38;2;255;105;180
*Gruntfile.js               00;38;2;255;105;180
*Gruntfile.ls               00;38;2;255;105;180
*Gulpfile.coffee            00;38;2;0;191;255
*Gulpfile.js                00;38;2;0;191;255
*Gulpfile.ls                00;38;2;0;191;255
*LICENSE                    00;38;2;192;192;192
*Makefile                   00;38;2;251;157;59
*Procfile                   00;38;2;255;165;0
*Rakefile                   00;38;2;251;157;59
*React.jsx                  00;38;2;0;255;255

# file patterns
*jquery.min.js              00;38;2;33;96;155
*angular.min.js             00;38;2;255;0;0
*backbone.min.js            00;38;2;81;160;207
*require.min.js             00;38;2;251;157;59
*materialize.min.js         00;38;2;235;112;119
*materialize.min.css        00;38;2;235;112;119
*mootools.min.js            00;38;2;128;128;128
*vimrc                      00;38;2;1;152;51
Vagrantfile                 00;38;2;81;160;207
